ID	ACC	BLCA	BRCA	CESC	CHOL	COAD	DLBC	ESCA	GBM	HNSC	KICH	KIRC	KIRP	LGG	LIHC	LUAD	LUSC	MESO	OV	PAAD	PCPG	PRAD	READ	SARC	SKCM	STAD	TGCT	THCA	THYM	UCEC	UCS	UVM
B_cells--Terrabacter	0	0.324382528	0.311638898	0.283609974	0	0.243734924	0	0.386519742	0	0.406280127	0	0.131542005	0.308126255	0	0	0.441586892	0.60795164	0	0	0.441393978	0	0	0	0	0	0.327654511	0	0.246070114	0	0	0	0
CD4_T_cells--Flammeovirga	0	0.387406136	0.289275056	0	0	0.346674383	0	0.46454172	0	0.374610986	0	0	0	0	0	0	0	0	0	0	0	0.275119642	0	0.288268607	0.506183171	0.41845759	0	0	0	0	0	0
CD4_T_cells--Lachnoclostridium	0	0.39992948	0.391648033	0.29141843	0	0	0	0.380582033	0	0.276822479	0	0	0	0	0.286890074	0.284471305	0.421005641	0	0.514184245	0	0	0.328169443	0	0.347627654	0.550502966	0	0.575310587	0.55865486	0	0	0	0.525219085
CD8_T_cells_PD1_high--Flammeovirga	0	0.41714861	0.279083191	0.378989655	0	0.357284016	0	0.405917471	0	0.411528807	0	0.247426372	0	0.191859486	0	0	0	0	0	0	0	0.289874013	0	0	0	0.366021278	0	0	0	0.360355942	0	0
CD8_T_cells_PD1_high--Lachnoclostridium	0	0.502531403	0.414195949	0.387095396	0	0	0	0.390059296	0	0.334388621	0	0.27601927	0	0.201445408	0.234143782	0.341338214	0.473378374	0.457133484	0.509099888	0	0	0.353551114	0	0.356063097	0.62068634	0.311500948	0.54852259	0.489712081	0	0	0	0.626850049
CD8_T_cells_PD1_low--Flammeovirga	0	0.412672465	0.264048363	0.377780436	0	0.356169347	0	0.389541214	0	0.403246258	0	0.226974582	0	0	0	0	0	0	0	0	0	0	0	0	0	0	0	0	0	0.392211539	0	0
CD8_T_cells_PD1_low--Lachnoclostridium	0	0.491297968	0.398400964	0.375549509	0	0	0	0.339683889	0	0.316660846	0	0.296169915	0	0.197787905	0.246783026	0.321809393	0.405712335	0.447801998	0.518400732	0	0	0.354370735	0	0.367348087	0.65305257	0.253138924	0.556730132	0.478113404	0	0	0	0.591114898
CD8_T_cells--Flammeovirga	0	0.417541082	0.274068362	0.384521053	0	0.361731333	0	0.402817072	0	0.410708446	0	0.24421114	0	0	0	0	0	0	0	0	0	0.28607702	0	0	0	0.342519677	0	0	0	0.380576618	0	0
CD8_T_cells--Lachnoclostridium	0	0.497781151	0.409832591	0.38957278	0	0	0	0.374101957	0	0.32634097	0	0.286615414	0	0.202492671	0.240039918	0.335467078	0.448024765	0.452522417	0.516998286	0	0	0.355889433	0	0.359251543	0.640465703	0.287338363	0.5618905	0.484109019	0	0	0	0.60771665
Endothelium--Campylobacter	0	0	0.169257374	0.426448201	0	0.462268927	0	0	0	0.372469033	0	0	0	0	0.393379321	0.22315	0	0	0	0	0	0.263274855	0	0	0	0	0	0	0	0.456412133	0	0
Endothelium--Chitinivibrio	0	0.248085161	0.374677418	0	0	0.312293805	0	0.413063364	0	0.254462923	0	0.535986132	0	0	0	0.174679624	0	0	0.404243194	0.368124614	0.502843936	0.34609997	0	0.306818615	0	0.501205885	0	0.316828309	0	0	0	0
Fibroblasts--Collimonas	0	0.58702032	0.455087549	0.510216643	0	0.568281431	0	0	0.342331823	0.582515476	0	0.303792634	0.309924807	0	0	0.544380938	0.409975944	0	0.629637924	0.546327435	0.505223421	0.372950568	0	0	0	0.479956507	0.503769834	0.44986929	0.397372169	0	0	0
Fibroblasts--Sutterella	0	0.604659334	0.456095426	0.494410938	0	0.536523921	0	0.434136766	0	0.556872477	0	0	0	0.357405768	0.520151647	0	0.584316349	0	0.653679482	0	0	0	0.748281681	0	0	0.538000495	0	0.468858419	0	0.423477731	0	0.499610516
Lymphocytes--Flammeovirga	0	0.422264814	0.309213436	0.399998719	0	0.36617865	0	0.475737154	0	0.424553595	0	0.256704209	0	0	0.332529058	0	0	0	0	0	0	0	0	0.30388871	0.453890563	0.435273905	0	0	0	0.404218829	0	0
Lymphocytes--Lachnoclostridium	0	0.477824147	0.421846181	0.395784177	0	0.310038508	0	0.393173861	0	0.302048654	0	0.256514363	0	0.183025258	0.298510277	0.32510049	0.447948926	0.522526792	0.52488405	0	0	0.365888032	0	0.395844958	0.624214734	0	0.59879574	0.527078922	0	0	0	0.589483934
Lymphocytes--Terrabacter	0	0.285236733	0.26868396	0	0	0.248062175	0	0	0	0.347188932	0	0	0.219236402	0	0	0.309061362	0.559645187	0	0	0.403782626	0	0	0	0	0	0.288850623	0	0.351597065	0	0	0	0
Macrophages_M1--Flammeovirga	0	0.391646797	0.210523866	0	0	0	0	0	0	0	0	0.229142983	0.264055652	0.240762487	0	0	0	0	0	0	0	0	0	0.246915931	0	0.243256495	0	0	0	0.319137935	0	0
Macrophages_M1--Lachnoclostridium	0	0.431931741	0.320805549	0	0	0	0	0	0	0	0	0.226056153	0	0.314186327	0	0.319157883	0.388591633	0	0.447245004	0	0	0	0	0.240390202	0	0	0.527641101	0.224817432	0	0.336339234	0	0
Macrophages_M2--Campylobacter	0	0	0.256114445	0	0	0.458627459	0	0	0	0	0	0.251943617	0	0	0.310284544	0.227048952	0	0	0	0.452765049	0	0.354870531	0	0	0	0	0	0.35530832	0.492237573	0	0	0
Macrophages_M2--Flammeovirga	0	0.398670008	0	0.273011473	0	0	0	0.355910388	0	0	0	0.268481503	0	0	0	0.27111846	0	0	0.319620237	0	0	0	0	0.315507708	0	0.425886198	0	0.294975175	0	0	0	0
Macrophages_M2--Lachnoclostridium	0	0.426179927	0.246870011	0	0	0	0	0	0	0	0	0	0.373005418	0.388054025	0.340461218	0.306037495	0	0	0.402762326	0	0	0	0	0.34434767	0	0	0.559756435	0.528402335	0	0	0	0.514289192
Macrophages--Flammeovirga	0	0.420198148	0.198167986	0.305286223	0	0	0	0.335241738	0	0	0	0.281764519	0.29036258	0.276791869	0	0	0	0	0.357531155	0	0	0	0	0.311549925	0	0.381687893	0	0	0	0.34839972	0.64130153	0
Macrophages--Lachnoclostridium	0	0.448618141	0.294551305	0	0	0	0	0	0	0	0	0	0.331028801	0.393084293	0.299085641	0.325464939	0.385474236	0	0.449012983	0	0	0.225557162	0	0.335326666	0	0	0.619807673	0.476178197	0	0	0.557881773	0.513315482
NK_cells--Lachnoclostridium	0	0.406635331	0.319470142	0.343441165	0	0	0	0.295458685	0	0.22448105	0	0	0	0	0	0	0	0	0.502983248	0	0	0.261078599	0	0.251046307	0.470537345	0	0	0.281445422	0	0	0	0.474719443
Plasma_B_cells--Lachnoclostridium	0	0.283403059	0.310238517	0	0	0	0	0	0	0	0	0	0	0	0.233480711	0	0	0	0.362420764	0	0	0.236339348	0	0	0	0	0.421506577	0.423119276	0	0	0	0.420180136
Plasma_B_cells--Terrabacter	0	0.362305517	0.329703467	0.26707216	0	0.269443693	0	0.405188918	0	0.419025904	0	0.149083597	0.365694732	0	0	0.484393346	0.627720188	0	0	0.510401318	0	0	0	0	0	0.382633873	0	0.32798813	0	0	0	0
T_cells--Flammeovirga	0	0.420060738	0.295570943	0.399805226	0	0.392286017	0	0.464375772	0	0.431783577	0	0.276396126	0	0.156967988	0.336345702	0	0.326784769	0	0	0	0	0.292525488	0	0	0.47102363	0.431574973	0	0	0	0.385666364	0	0
T_cells--Lachnoclostridium	0	0.49274006	0.419640378	0.40209168	0	0.304968685	0	0.388737782	0	0.328856588	0	0.269589293	0	0.178742839	0.297125235	0.367045444	0.483462239	0.456112853	0.532196897	0	0	0.363128157	0	0.388120155	0.640657955	0.262756147	0.613864641	0.551018078	0	0	0	0.598880234
T_helpers--Terrabacter	0	0.244124877	0.23709893	0	0	0.274726065	0	0.284653836	0	0.207601906	0	0	0	0	0	0	0.341260149	0	0	0	0	0	0	0	0	0.293299059	0	0.305477655	0	0	0	0
Tregs--Flammeovirga	0	0.402223619	0.282492497	0	0	0.397324471	0	0.447453099	0	0.380626361	0	0.178999018	0	0	0	0	0	0	0	0	0	0	0	0.312188593	0.504011852	0.436156807	0	0	0	0	0	0
Tregs--Lachnoclostridium	0	0.427178819	0.410842073	0.31120845	0	0	0	0.379323255	0	0.296612056	0	0	0	0.231718418	0.265936208	0.323613393	0.433287472	0	0.505208416	0	0	0.32648909	0	0.339410924	0.560861969	0	0.564614172	0.56828665	0.412925509	0	0	0.511708861
